0100100001110000000111000000001110
1010110010001000001000100000010001
1010101010001000001000100000010001
1010110010001000001000100000010001
1010110010001000001000100000010001
1010110010001000001000100000010001
1010100010001000001000100000010001
1010000010001000001000100000010001
1010000010001000001000100000010001
1010000010001011001000100000010001
1010000010001011001000101100010001
1010000010001011001000101100010001
1010000010001011001000100000010001
1010110010001000001000100000010001
1010110010001000001000100000010001
1010110010001000001000100001010001
1010110010001000001000100011010001
1010000010001001001000100000010001
1010000010001011001000100000010001
1010000010001000001000100000010001
1010000010001000001000100000010001
1010000010001000001000100000010001
0100000001110000000111000000001110
