000000001111111111111111111111111111111000000
000000010000000000000000000000000000000100000
000000100001110000000000000000000000000010000
000001000010001000000111111110000000000001000
000010000111101000001000000001000000000001000
000100001100011000010000000000100000000001000
001000011000001000100000100000010000000001000
001001011000000001000001100000001000000001000
001011011000000010000010100000001000000010110
001011011000000100000100100000001000000010110
001011001000001000001000100000001000000010110
010011000000010000010000100100001000000010110
100011000000100000101100100110001000000100110
100011000001000001001000100110001000000100010
100011000010011001001000100110001000000100000
100011000100011001001100100100001000000100010
100010100100000001000000100000001000000100110
010010010010000001000000100000001000000100110
010010001001000001000000100000010000000100110
010001000100100001000000100000100000000100110
010000100010010000100001000001000000000100110
001110010001010000010010000010000100000100110
000001001001001000001100000100001010001000110
000001000101000100000000001000010010001000110
000000100010100010000000010000100100001000110
000000010001010001000000100000101000010000110
000000001001010001000001000001001000100000000
000000000100101000111110000001001000100000000
000000000100100100000000000010001000100001000
000000000100100011111111111100010000100010110
000000000100011111111111111111100000100100001
000000000100000000000000000000000001000010001
000000000011111111111111111111111110000001010
000000000000000000000000000000000000000000100
