1110101010101010101010101010111
1001010101010101010101010101001
1000000000000000000000000000001
1000000011111111111111000000001
1000000100000000000000100000001
1000000010000000000001000000001
1000000100011000000000100000001
1000000010011000000001000000001
1000000100011011000000100000001
1000000010011011000001000000001
1000000100011011000000100000001
1000000010011011000001000000001
1000000100011011000000100000001
1000000010011011001101000001001
1000000100011011001000100011001
1000000010011011000001000101001
1000000100011011000000100011001
1000000010011011001101000001001
1000000100010101001100100000001
1000000010001110001101000000001
1000000100000000000000100000001
1000000010000000000001000000001
1000000100000000000000100000001
1000000011111111111111000000001
1000000000000000000000000000001
1000000000000000000000000000001
1000000000000000000000000000001
1000000000000000000000000000001
1001010101010101010101010101001
1110101010101010101010101010111
