11111111111111111111111111111111111111111111111111
10000000000000000000000000000000000000000000000001
10111111111111111111111111111111111111111111111101
10100000000000000000000000000000000000000000000101
10101111111111111111111111111111111111111111110101
10101000000000000000000000000000000000000000010101
10101011111111111111111111111111111111111111010101
10101010000000000000000000000000000000000001010101
10101010111111111111111111111111111111111101010101
10101010100000000000000000000000000000000101010101
10101010101111111111111111111111111111110101010101
10101010101000000000000000000000000000010101010101
10101010101011111111111111111111111111010101010101
10101010101010000000000000000000000001010101010101
10101010101010111111111111111111111101010101010101
10101010101010100000000000000000000101010101010101
10101010101010101111111111111111110101010101010101
10101010101010101000000000000000010101010101010101
10101010101010101011111111111111010101010101010101
10101010101010101010000000000001010101010101010101
10101010101010101010111111111101010101010101010101
10101010101010101010100000000101010101010101010101
10101010101010101010101111110101010101010101010101
10101010101010101010101000010101010101010101010101
10101010101010101010101011010101010101010101010101
10101010101010101010101011010101010101010101010101
10101010101010101010101000010101010101010101010101
10101010101010101010101111110101010101010101010101
10101010101010101010100000000101010101010101010101
10101010101010101010111111111101010101010101010101
10101010101010101010000000000001010101010101010101
10101010101010101011111111111111010101010101010101
10101010101010101000000000000000010101010101010101
10101010101010101111111111111111110101010101010101
10101010101010100000000000000000000101010101010101
10101010101010111111111111111111111101010101010101
10101010101010000000000000000000000001010101010101
10101010101011111111111111111111111111010101010101
10101010101000000000000000000000000000010101010101
10101010101111111111111111111111111111110101010101
10101010100000000000000000000000000000000101010101
10101010111111111111111111111111111111111101010101
10101010000000000000000000000000000000000001010101
10101011111111111111111111111111111111111111010101
10101000000000000000000000000000000000000000010101
10101111111111111111111111111111111111111111110101
10100000000000000000000000000000000000000000000101
10111111111111111111111111111111111111111111111101
10000000000000000000000000000000000000000000000001
11111111111111111111111111111111111111111111111111
