

  00  00  00  00  00  00  00  00  00  00  00  00  00  00  00  00  00  000


  011   111   111   111   111   111   111   111   111   111   111   1110



  0100000000000000000000000000000000010
  0110101010101010101                           010101010101010110
  0101010101010101010101010101010101010
  0000000000000000000000000000000000000
  1111111   111111111111    11111111111      1111111


       


             
  1000000000000000000000000000000000001
  1111111111111111111111111111111111111
  0000000000000000000000000000000000000
  0101010101010101010101010101010101010
  0110101010101010101                            010101010101010110
  0100000000000000000000000000000000010



  011   111   111   111   111   111   111   111   111   111   111   1110


  00  00  00  00  00  00  00  00  00  00  00  00  00  00  00  00  00  000

