     


    00000000000000111000000000001111110000000000000
    00010001100001000110000000001000001000001100000
    00011110011110000001100000000100000100001100000
    00010000000000000000010000000010000100000000000
    00010011111111110000001000000001000100001110000
    00001001000000010000000100000001000100010010000
    00010001000110100000000100000000100011100010000
    00010010001001000000001000000111000000000010000
    00001001011100000000010000011000110000001110000
    00001001100001110011100001100000110000010000000
    00010000100010001100000010000000000000100000000
    00001000000100000000000010001110110001000000000
    00000100001000000011000001110001010010000000000
    00000011110000001100100000000001000010000000000
    00000000000000010000010000000001001100000000000
    00000000000000001111110000000010010000000000000
    00000010000000000000000000000011100000000000000
    00011110000000000000000000000000000000000000000
    00100001100000000000000000000000000000000000000
    00010010010000000111111000000000000111100011100
    00001011001000001000000100000000001000011100010
    00110010010000110000000100000000001000000000010
    00100000100000100001100011000000000100100000010
    00100001000000100001011000111000000011011111100
    00010010000000010001010110000100000000000000000
    00001100000000100010011010000100000000000000000
    00000000001111000100000100001000000000011100000
    00000000010000000111111000010000000000100010000
    00000000100000000000000000001110000001000001000
    00000001000111111111111000000001000010000001000
    00000001001000000000000100000001000100000010000
    00000000110000001000000100100010001000000100000
    00000000000000010100000101100010010001000100000
    00000000000000100100001001100001100010100010000
    00010000000001000010010001100000000100100010000
    00101000000010000001100000000000001000100010000
    00100100000010000000000000000000010001000010000
    00100010000010000011000000001111100010000010000
    01000100000010000100111100010000000010000010000
    00100100000010001000000010100000000001000010000
    00011000000001110000000001000000000000100010000
    00000000000000000000000000000000000000010010000
    00000000000000000000000000000000000000001100000
