00000000000000000000000000000000000000000000000000
01111111111111111111111111111111111111111111111110
00100000000000000000000000000000000000000000000100
00010111111111111111111111111111111111111111101000
01001011111111111111111111111111111111111111010010
01100101100000000000000000000000000000000110100110
01010010110111111111111111111111111111101101001010
01001001011011111111111111111111111111011010010010
01010100101101111111111111111111111110110100101010
01011010010110111000000000000000011101101001011010
01011101001011011101111111111110111011010010111010
01011110100101101110111111111101110110100101111010
01011011010010110111011111111011101101001011011010
01011001101001011011101111110111011010010110011010
01011010110100101101110111101110110100101101011010
01011011011010010110111011011101101001011011011010
01011011101101001011011100111011010010110111011010
01011011110110100101101111110110100101101111011010
01011011111011010010110111101101001011011111011010
01011011111101101001011011011010010110111111011010
01011011101110110100101100110100101101110111011010
01011011100111011010010111101001011011100111011010
01011011101011101101001011010010110111010111011010
01011011101101110110100100100101101110110111011010
01011011101010101011010011001011010101010111011010
01011011101101110110100100100101101110110111011010
01011011101011101101001011010010110111010111011010
01011011100111011010010111101001011011100111011010
01011011101110110100101100110100101101110111011010
01011011111101101001011011011010010110111111011010
01011011111011010010110111101101001011011111011010
01011011110110100101101111110110100101101111011010
01011011101101001011011100111011010010110111011010
01011011011010010110111011011101101001011011011010
01011010110100101101110111101110110100101101011010
01011001101001011011101111110111011010010110011010
01011011010010110111011111111011101101001011011010
01011110100101101110111111111101110110100101111010
01011101001011011101111111111110111011010010111010
01011010010110111000000000000000011101101001011010
01010100101101111111111111111111111110110100101010
01001001011011111111111111111111111111011010010010
01010010110111111111111111111111111111101101001010
01100101100000000000000000000000000000000110100110
01001011111111111111111111111111111111111111010010
00010111111111111111111111111111111111111111101000
00100000000000000000000000000000000000000000000100
01111111111111111111111111111111111111111111111110
00000000000000000000000000000000000000000000000000
